              precision    recall  f1-score   support

        1200       0.00      0.00      0.00         1
        1300       0.00      0.00      0.00         1
        1400       0.00      0.00      0.00         1
        1500       0.50      0.14      0.22         7
        1600       0.31      0.53      0.39        15
        1700       0.43      0.15      0.22        20
        1800       0.79      0.93      0.85       240
        1900       0.94      0.30      0.46        53
        2000       0.60      1.00      0.75         3

    accuracy                           0.75       341
   macro avg       0.40      0.34      0.32       341
weighted avg       0.76      0.75      0.71       341
