              precision    recall  f1-score   support

        1200       0.00      0.00      0.00         1
        1300       0.00      0.00      0.00         1
        1400       0.00      0.00      0.00         1
        1500       0.00      0.00      0.00         7
        1600       0.00      0.00      0.00        15
        1700       0.00      0.00      0.00        20
        1800       0.70      1.00      0.83       240
        1900       0.00      0.00      0.00        53
        2000       0.00      0.00      0.00         3

    accuracy                           0.70       341
   macro avg       0.08      0.11      0.09       341
weighted avg       0.50      0.70      0.58       341
