              precision    recall  f1-score   support

        1200       0.00      0.00      0.00         1
        1300       0.00      0.00      0.00         1
        1400       0.00      0.00      0.00         1
        1500       0.00      0.00      0.00         7
        1600       1.00      0.13      0.24        15
        1700       0.00      0.00      0.00        20
        1800       0.73      1.00      0.84       240
        1900       1.00      0.13      0.23        53
        2000       1.00      0.33      0.50         3

    accuracy                           0.73       341
   macro avg       0.41      0.18      0.20       341
weighted avg       0.72      0.73      0.64       341
