              precision    recall  f1-score   support

        1200       0.00      0.00      0.00         1
        1300       0.00      0.00      0.00         1
        1400       0.00      0.00      0.00         1
        1500       1.00      0.14      0.25         7
        1600       0.67      0.40      0.50        15
        1700       0.83      0.25      0.38        20
        1800       0.79      1.00      0.88       240
        1900       0.95      0.34      0.50        53
        2000       1.00      0.33      0.50         3

    accuracy                           0.79       341
   macro avg       0.58      0.27      0.34       341
weighted avg       0.81      0.79      0.75       341
