              precision    recall  f1-score   support

        1200       0.00      0.00      0.00         1
        1300       0.00      0.00      0.00         1
        1400       1.00      1.00      1.00         1
        1500       0.62      0.71      0.67         7
        1600       0.50      0.53      0.52        15
        1700       0.43      0.80      0.56        20
        1800       0.90      0.72      0.80       240
        1900       0.44      0.72      0.55        53
        2000       1.00      0.33      0.50         3

    accuracy                           0.71       341
   macro avg       0.54      0.54      0.51       341
weighted avg       0.77      0.71      0.73       341
