              precision    recall  f1-score   support

        1200       0.00      0.00      0.00         1
        1300       0.00      0.00      0.00         1
        1400       0.00      0.00      0.00         1
        1500       0.50      0.14      0.22         7
        1600       0.60      0.20      0.30        15
        1700       1.00      0.15      0.26        20
        1800       0.76      1.00      0.87       240
        1900       0.94      0.28      0.43        53
        2000       1.00      0.33      0.50         3

    accuracy                           0.77       341
   macro avg       0.53      0.23      0.29       341
weighted avg       0.79      0.77      0.71       341
