              precision    recall  f1-score   support

        1200       0.00      0.00      0.00         1
        1300       0.00      0.00      0.00         1
        1400       0.00      0.00      0.00         1
        1500       0.33      0.14      0.20         7
        1600       0.64      0.47      0.54        15
        1700       0.83      0.25      0.38        20
        1800       0.79      1.00      0.88       240
        1900       1.00      0.30      0.46        53
        2000       1.00      0.33      0.50         3

    accuracy                           0.79       341
   macro avg       0.51      0.28      0.33       341
weighted avg       0.80      0.79      0.75       341
