              precision    recall  f1-score   support

        1200       0.00      0.00      0.00         1
        1300       0.00      0.00      0.00         1
        1400       0.00      0.00      0.00         1
        1500       0.00      0.00      0.00         2
        1600       0.00      0.00      0.00         4
        1700       0.00      0.00      0.00         5
        1800       0.69      0.97      0.81        60
        1900       0.33      0.08      0.12        13
        2000       0.00      0.00      0.00         1

    accuracy                           0.67        88
   macro avg       0.11      0.12      0.10        88
weighted avg       0.52      0.67      0.57        88
