              precision    recall  f1-score   support

        1200       0.00      0.00      0.00         1
        1300       0.00      0.00      0.00         1
        1400       0.00      0.00      0.00         1
        1500       0.40      0.29      0.33         7
        1600       0.62      0.53      0.57        15
        1700       0.78      0.35      0.48        20
        1800       0.81      1.00      0.90       240
        1900       0.94      0.32      0.48        53
        2000       1.00      0.33      0.50         3

    accuracy                           0.81       341
   macro avg       0.51      0.31      0.36       341
weighted avg       0.81      0.81      0.77       341
